80064
0
2241792
3042432
3122496
3042432
2962368
2962368
2722176
5284224
5524416
5524416
5524416
5524416
5364288
5444352
5524416
5444352
5524416
5524416
5364288
5364288
5284224
5364288
5364288
5364288
5284224
5364288
5364288
5284224
5204160
5364288
5284224
5364288
5604480
5364288
5524416
5524416
5524416
5604480
5444352
5284224
5444352
5284224
5284224
5444352
5364288
5364288
5524416
5284224
5524416
5364288
5364288
5364288
5284224
5444352
5364288
5204160
5364288
5364288
5284224
5284224
5364288
5364288
5204160
5364288
5364288
5124096
5284224
5284224
5684544
5524416
5844672
5684544
5604480
5764608
5284224
5444352
5604480
5604480
5604480
5444352
5364288
5764608
5524416
5444352
5764608
5524416
5524416
5364288
5364288
5604480
5444352
5444352
5604480
5524416
5684544
5684544
6004800
5444352
5364288
5604480
5444352
5684544
5444352
5604480
5524416
5684544
5524416
5284224
5604480
5604480
5844672
5444352
5604480
5524416
5444352
5444352
5284224
5364288
5524416
5604480
5364288
5364288
5364288
5364288
5364288
5524416
5524416
5524416
5364288
